381.27301
386.281097
391.289215
396.297302
401.305511
406.313599
411.321686
416.329895
421.338013
426.3461
431.354309
436.362396
441.370514
446.378601
451.38681
456.394897
461.403015
466.411194
471.419312
476.427399
481.435486
486.443695
491.451813
496.4599
501.468109
506.476196
511.484314
516.492493
521.50061
526.508728
531.516785
536.525024
541.533081
546.541199
551.549377
556.557495
561.565613
566.573792
571.581909
576.590027
581.598083
586.606323
591.61438
596.622498
601.630676
606.638794
611.646912
616.65509
621.663208
626.671326
631.679382
636.687622
641.695679
646.703796
651.711975
656.720093
661.72821
666.736328
671.744507
676.752625
681.760681
686.768921
691.776978
696.785095
701.793274
706.801392
711.809509
716.817627
721.825806
726.833923
731.84198
736.85022
741.858276
746.866394
751.874573
756.88269
761.890808
766.898926
771.907104
776.915222
781.923279
786.931519
791.939575
796.947693
801.955872
806.963989
811.972107
816.980225
821.988403
826.996521
832.004578
837.012817
842.020874
847.028992
852.03717
857.045288
862.053406
867.061523
872.069702
877.07782
882.085876
887.094116
892.102173
897.110291
902.118408
907.126587
912.134705
917.142822
922.151001
927.159119
932.167175
937.175415
942.183472
947.191589
952.199707
957.207886
962.216003
967.224121
972.2323
977.240417
982.248474
987.256714
992.264771
997.272888
1002.281006
1007.289185
1012.297302
1017.30542
1022.313599
1027.321655
1032.329834
1037.338013
1042.346069
1047.354248
1052.362305
1057.370483
1062.37854
1067.386719
1072.394897
1077.402954
1082.411133
1087.419312
1092.427368
1097.435547
1102.443604
1107.451782
1112.459961
1117.468018
1122.476196
1127.484253
1132.492432
1137.500488
1142.508667
1147.516846
1152.524902
1157.533081
1162.54126
1167.549316
1172.557495
1177.565552
1182.57373
1187.581787
1192.589966
1197.598145
1202.606201
1207.61438
1212.622559
1217.630615
1222.638794
1227.646851
1232.655029
1237.663086
1242.671265
1247.679443
1252.6875
1257.695679
1262.703857
1267.711914
1272.720093
1277.728149
1282.736328
1287.744385
1292.752563
1297.760742
1302.768799
1307.776978
1312.785156
1317.793213
1322.80127
1327.809448
1332.817627
1337.825684
1342.833862
1347.842041
1352.850098
1357.858276
1362.866455
1367.874512
1372.882568
1377.890747
1382.898926
1387.906982
1392.915161
1397.92334
1402.931396
1407.939575
1412.947754
1417.955811
1422.963867
1427.972046
1432.980225
1437.988281
1442.99646
1448.004639
1453.012695
1458.020874
1463.029053
1468.037109
1473.045166
1478.053345
1483.061523
1488.06958
1493.077759
1498.085938
1503.093994
1508.102173
1513.110352
1518.118408
1523.126465
1528.134644
1533.142822
1538.150879
1543.159058
1548.167236
1553.175293
1558.18335
1563.19165
1568.199707
1573.207764
1578.215942
1583.224121
1588.232178
1593.240356
1598.248535
1603.256592
1608.264648
1613.272949
1618.281006
1623.289063
1628.297241
1633.30542
1638.313477
1643.321655
1648.329834
1653.337891
1658.345947
1663.354248
1668.362305
1673.370361
1678.37854
1683.386719
1688.394775
1693.402954
1698.411133
1703.419189
1708.427246
1713.435547
1718.443604
1723.45166
1728.459961
1733.468018
1738.476074
1743.484253
1748.492432
1753.500488
1758.508545
1763.516846
1768.524902
1773.532959
1778.54126
1783.549316
1788.557373
1793.565552
1798.57373
1803.581787
1808.589844
1813.598145
1818.606201
1823.614258
1828.622559
1833.630615
1838.638672
1843.646851
1848.655029
1853.663086
1858.671143
1863.679443
1868.6875
1873.695557
1878.703857
1883.711914
1888.719971
1893.728149
1898.736328
1903.744385
1908.752441
1913.760742
1918.768799
1923.776855
1928.785156
1933.793213
1938.80127
1943.809448
1948.817627
1953.825684
1958.83374
1963.842041
1968.850098
1973.858154
1978.866333
1983.874512
1988.882568
1993.890747
1998.898926
2003.906982
2008.915039
2013.92334
2018.931396
2023.939453
2028.947632
2033.955811
2038.963867
2043.972046
2048.980225
2053.988281
2058.996338
2064.004639
2069.012695
2074.020752
2079.028809
2084.037109
2089.045166
2094.053223
2099.061523
2104.06958
2109.077637
2114.085938
2119.093994
2124.102051
2129.110107
2134.118408
2139.126465
2144.134521
2149.142822
2154.150879
2159.158936
2164.167236
2169.175293
2174.18335
2179.191406
2184.199707
2189.207764
2194.21582
2199.224121
2204.232178
2209.240234
2214.248291
2219.256592
2224.264648
2229.272705
2234.281006
2239.289063
2244.297119
2249.30542
2254.313477
2259.321533
2264.32959
2269.337891
2274.345947
2279.354004
2284.362305
2289.370361
2294.378418
2299.386719
2304.394775
2309.402832
2314.410889
2319.419189
2324.427246
2329.435303
2334.443604
2339.45166
2344.459717
2349.468018
2354.476074
2359.484131
2364.492188
2369.500488
2374.508545
2379.516602
2384.524902
2389.532959
2394.541016
2399.549316
2404.557373
2409.56543
2414.573486
2419.581787
2424.589844
2429.5979
2434.606201
2439.614258
2444.622314
2449.630615
2454.638672
2459.646729
2464.654785
2469.663086
2474.671143
2479.679199
2484.6875
2489.695557
2494.703613
2499.711914
2504.719971
2509.728027
