381.27301
386.281097
391.289215
396.297302
401.305511
406.313599
411.321686
416.329895
421.338013
426.3461
431.354309
436.362396
441.370514
446.378601
451.38681
456.394897
461.403015
466.411194
471.419312
476.427399
481.435486
486.443695
491.451813
496.4599
501.468109
506.476196
511.484314
516.492493
521.50061
526.508728
531.516785
536.525024
541.533081
546.541199
551.549377
556.557495
561.565613
566.573792
571.581909
576.590027
581.598083
586.606323
591.61438
596.622498
601.630676
606.638794
611.646912
616.65509
621.663208
626.671326
631.679382
636.687622
641.695679
646.703796
651.711975
656.720093
661.72821
666.736328
671.744507
676.752625
681.760681
686.768921
691.776978
696.785095
701.793274
706.801392
711.809509
716.817627
721.825806
726.833923
731.84198
736.85022
741.858276
746.866394
751.874573
756.88269
761.890808
766.898926
771.907104
776.915222
781.923279
786.931519
791.939575
796.947693
801.955872
806.963989
811.972107
816.980225
821.988403
826.996521
832.004578
837.012817
842.020874
847.028992
852.03717
857.045288
862.053406
867.061523
872.069702
877.07782